(kicad_pcb (version 20171130) (host pcbnew "(5.1.4)-1")

  (general
    (thickness 1.6)
    (drawings 252)
    (tracks 105)
    (zones 0)
    (modules 26)
    (nets 18)
  )

  (page A4)
  (layers
    (0 F.Cu signal)
    (31 B.Cu signal)
    (32 B.Adhes user)
    (33 F.Adhes user)
    (34 B.Paste user)
    (35 F.Paste user)
    (36 B.SilkS user)
    (37 F.SilkS user)
    (38 B.Mask user)
    (39 F.Mask user)
    (40 Dwgs.User user)
    (41 Cmts.User user)
    (42 Eco1.User user)
    (43 Eco2.User user)
    (44 Edge.Cuts user)
    (45 Margin user)
    (46 B.CrtYd user)
    (47 F.CrtYd user)
    (48 B.Fab user)
    (49 F.Fab user)
  )

  (setup
    (last_trace_width 0.3)
    (trace_clearance 0.2)
    (zone_clearance 0.508)
    (zone_45_only no)
    (trace_min 0.2)
    (via_size 0.8)
    (via_drill 0.4)
    (via_min_size 0.4)
    (via_min_drill 0.3)
    (uvia_size 0.3)
    (uvia_drill 0.1)
    (uvias_allowed no)
    (uvia_min_size 0.2)
    (uvia_min_drill 0.1)
    (edge_width 0.05)
    (segment_width 0.2)
    (pcb_text_width 0.3)
    (pcb_text_size 1.5 1.5)
    (mod_edge_width 0.12)
    (mod_text_size 1 1)
    (mod_text_width 0.15)
    (pad_size 1.524 1.524)
    (pad_drill 0.762)
    (pad_to_mask_clearance 0.051)
    (solder_mask_min_width 0.25)
    (aux_axis_origin 0 0)
    (visible_elements 7FFFFFFF)
    (pcbplotparams
      (layerselection 0x010fc_ffffffff)
      (usegerberextensions false)
      (usegerberattributes false)
      (usegerberadvancedattributes false)
      (creategerberjobfile false)
      (excludeedgelayer true)
      (linewidth 0.100000)
      (plotframeref false)
      (viasonmask false)
      (mode 1)
      (useauxorigin false)
      (hpglpennumber 1)
      (hpglpenspeed 20)
      (hpglpendiameter 15.000000)
      (psnegative false)
      (psa4output false)
      (plotreference true)
      (plotvalue true)
      (plotinvisibletext false)
      (padsonsilk false)
      (subtractmaskfromsilk false)
      (outputformat 1)
      (mirror false)
      (drillshape 1)
      (scaleselection 1)
      (outputdirectory ""))
  )

  (net 0 "")
  (net 1 GND)
  (net 2 +5V)
  (net 3 "Net-(D0-Pad2)")
  (net 4 "Net-(D0-Pad4)")
  (net 5 "Net-(D1-Pad2)")
  (net 6 "Net-(D2-Pad2)")
  (net 7 "Net-(D3-Pad2)")
  (net 8 "Net-(D4-Pad2)")
  (net 9 "Net-(D5-Pad2)")
  (net 10 "Net-(D6-Pad2)")
  (net 11 "Net-(J3-Pad2)")
  (net 12 "Net-(J4-Pad2)")
  (net 13 "Net-(D7-Pad4)")
  (net 14 "Net-(D7-Pad2)")
  (net 15 "Net-(D8-Pad2)")
  (net 16 "Net-(J7-Pad2)")
  (net 17 "Net-(J8-Pad2)")

  (net_class Default "This is the default net class."
    (clearance 0.2)
    (trace_width 0.3)
    (via_dia 0.8)
    (via_drill 0.4)
    (uvia_dia 0.3)
    (uvia_drill 0.1)
    (add_net +5V)
    (add_net GND)
    (add_net "Net-(D0-Pad2)")
    (add_net "Net-(D0-Pad4)")
    (add_net "Net-(D1-Pad2)")
    (add_net "Net-(D2-Pad2)")
    (add_net "Net-(D3-Pad2)")
    (add_net "Net-(D4-Pad2)")
    (add_net "Net-(D5-Pad2)")
    (add_net "Net-(D6-Pad2)")
    (add_net "Net-(D7-Pad2)")
    (add_net "Net-(D7-Pad4)")
    (add_net "Net-(D8-Pad2)")
    (add_net "Net-(J3-Pad2)")
    (add_net "Net-(J4-Pad2)")
    (add_net "Net-(J7-Pad2)")
    (add_net "Net-(J8-Pad2)")
  )

  (module "7-Segment Lib:Header3Pin_03" (layer F.Cu) (tedit 5E5DEADB) (tstamp 5E5F19CD)
    (at 105.2 56.5 180)
    (path /5E5E3062)
    (fp_text reference J4 (at 0 -4.9) (layer F.SilkS)
      (effects (font (size 1 1) (thickness 0.15)))
    )
    (fp_text value 3Pin_Male (at 0 5) (layer F.Fab)
      (effects (font (size 1 1) (thickness 0.15)))
    )
    (fp_line (start -3.42 4.06) (end -3.42 -4.06) (layer F.CrtYd) (width 0.05))
    (fp_line (start -3.42 4.06) (end 3.42 4.06) (layer F.CrtYd) (width 0.05))
    (fp_line (start 3.42 -4.06) (end -3.42 -4.06) (layer F.CrtYd) (width 0.05))
    (fp_line (start 3.42 -4.06) (end 3.42 4.06) (layer F.CrtYd) (width 0.05))
    (fp_line (start -7.3 -7.5) (end -7.3 7.5) (layer Dwgs.User) (width 0.12))
    (fp_line (start 7.3 -7.5) (end 7.3 7.5) (layer Dwgs.User) (width 0.12))
    (fp_line (start -7.3 -7.5) (end 7.3 -7.5) (layer Dwgs.User) (width 0.12))
    (fp_line (start -7.3 7.5) (end 7.3 7.5) (layer Dwgs.User) (width 0.12))
    (pad 3 thru_hole oval (at 0 2.54 90) (size 1.51 3.01) (drill 1) (layers *.Cu *.Mask)
      (net 2 +5V))
    (pad 2 thru_hole oval (at 0 0 90) (size 1.51 3.01) (drill 1) (layers *.Cu *.Mask)
      (net 12 "Net-(J4-Pad2)"))
    (pad 1 thru_hole oval (at 0 -2.54 90) (size 1.51 3.01) (drill 1) (layers *.Cu *.Mask)
      (net 1 GND))
  )

  (module "7-Segment Lib:Header3Pin_03" (layer F.Cu) (tedit 5E5DEADB) (tstamp 5E5F1D60)
    (at 58.8 141.5 180)
    (path /5E5CA7AE)
    (fp_text reference J1 (at 0 -4.9) (layer F.SilkS)
      (effects (font (size 1 1) (thickness 0.15)))
    )
    (fp_text value 3Pin_Fem (at 0 5) (layer F.Fab)
      (effects (font (size 1 1) (thickness 0.15)))
    )
    (fp_line (start -7.3 7.5) (end 7.3 7.5) (layer Dwgs.User) (width 0.12))
    (fp_line (start -7.3 -7.5) (end 7.3 -7.5) (layer Dwgs.User) (width 0.12))
    (fp_line (start 7.3 -7.5) (end 7.3 7.5) (layer Dwgs.User) (width 0.12))
    (fp_line (start -7.3 -7.5) (end -7.3 7.5) (layer Dwgs.User) (width 0.12))
    (fp_line (start 3.42 -4.06) (end 3.42 4.06) (layer F.CrtYd) (width 0.05))
    (fp_line (start 3.42 -4.06) (end -3.42 -4.06) (layer F.CrtYd) (width 0.05))
    (fp_line (start -3.42 4.06) (end 3.42 4.06) (layer F.CrtYd) (width 0.05))
    (fp_line (start -3.42 4.06) (end -3.42 -4.06) (layer F.CrtYd) (width 0.05))
    (pad 1 thru_hole oval (at 0 -2.54 90) (size 1.51 3.01) (drill 1) (layers *.Cu *.Mask)
      (net 2 +5V))
    (pad 2 thru_hole oval (at 0 0 90) (size 1.51 3.01) (drill 1) (layers *.Cu *.Mask)
      (net 4 "Net-(D0-Pad4)"))
    (pad 3 thru_hole oval (at 0 2.54 90) (size 1.51 3.01) (drill 1) (layers *.Cu *.Mask)
      (net 1 GND))
  )

  (module "7-Segment Lib:Header3Pin_03" (layer F.Cu) (tedit 5E5DEADB) (tstamp 5E5F1D8A)
    (at 105.2 141.5 180)
    (path /5E5C92BA)
    (fp_text reference J2 (at 0 -4.9) (layer F.SilkS)
      (effects (font (size 1 1) (thickness 0.15)))
    )
    (fp_text value 3Pin_Male (at 0 5) (layer F.Fab)
      (effects (font (size 1 1) (thickness 0.15)))
    )
    (fp_line (start -3.42 4.06) (end -3.42 -4.06) (layer F.CrtYd) (width 0.05))
    (fp_line (start -3.42 4.06) (end 3.42 4.06) (layer F.CrtYd) (width 0.05))
    (fp_line (start 3.42 -4.06) (end -3.42 -4.06) (layer F.CrtYd) (width 0.05))
    (fp_line (start 3.42 -4.06) (end 3.42 4.06) (layer F.CrtYd) (width 0.05))
    (fp_line (start -7.3 -7.5) (end -7.3 7.5) (layer Dwgs.User) (width 0.12))
    (fp_line (start 7.3 -7.5) (end 7.3 7.5) (layer Dwgs.User) (width 0.12))
    (fp_line (start -7.3 -7.5) (end 7.3 -7.5) (layer Dwgs.User) (width 0.12))
    (fp_line (start -7.3 7.5) (end 7.3 7.5) (layer Dwgs.User) (width 0.12))
    (pad 3 thru_hole oval (at 0 2.54 90) (size 1.51 3.01) (drill 1) (layers *.Cu *.Mask)
      (net 1 GND))
    (pad 2 thru_hole oval (at 0 0 90) (size 1.51 3.01) (drill 1) (layers *.Cu *.Mask)
      (net 10 "Net-(D6-Pad2)"))
    (pad 1 thru_hole oval (at 0 -2.54 90) (size 1.51 3.01) (drill 1) (layers *.Cu *.Mask)
      (net 2 +5V))
  )

  (module "7-Segment Lib:Header3Pin_03" (layer F.Cu) (tedit 5E5DEADB) (tstamp 5E5F19F7)
    (at 58.8 56.5 180)
    (path /5E5E04FF)
    (fp_text reference J3 (at 0 -4.9) (layer F.SilkS)
      (effects (font (size 1 1) (thickness 0.15)))
    )
    (fp_text value 3Pin_Fem (at 0 5) (layer F.Fab)
      (effects (font (size 1 1) (thickness 0.15)))
    )
    (fp_line (start -7.3 7.5) (end 7.3 7.5) (layer Dwgs.User) (width 0.12))
    (fp_line (start -7.3 -7.5) (end 7.3 -7.5) (layer Dwgs.User) (width 0.12))
    (fp_line (start 7.3 -7.5) (end 7.3 7.5) (layer Dwgs.User) (width 0.12))
    (fp_line (start -7.3 -7.5) (end -7.3 7.5) (layer Dwgs.User) (width 0.12))
    (fp_line (start 3.42 -4.06) (end 3.42 4.06) (layer F.CrtYd) (width 0.05))
    (fp_line (start 3.42 -4.06) (end -3.42 -4.06) (layer F.CrtYd) (width 0.05))
    (fp_line (start -3.42 4.06) (end 3.42 4.06) (layer F.CrtYd) (width 0.05))
    (fp_line (start -3.42 4.06) (end -3.42 -4.06) (layer F.CrtYd) (width 0.05))
    (pad 1 thru_hole oval (at 0 -2.54 90) (size 1.51 3.01) (drill 1) (layers *.Cu *.Mask)
      (net 1 GND))
    (pad 2 thru_hole oval (at 0 0 90) (size 1.51 3.01) (drill 1) (layers *.Cu *.Mask)
      (net 11 "Net-(J3-Pad2)"))
    (pad 3 thru_hole oval (at 0 2.54 90) (size 1.51 3.01) (drill 1) (layers *.Cu *.Mask)
      (net 2 +5V))
  )

  (module Capacitors_SMD:C_0805 (layer F.Cu) (tedit 58AA8463) (tstamp 5E5F18DC)
    (at 101 73)
    (descr "Capacitor SMD 0805, reflow soldering, AVX (see smccp.pdf)")
    (tags "capacitor 0805")
    (path /5E52D533)
    (attr smd)
    (fp_text reference C1 (at 0 -1.5) (layer F.SilkS)
      (effects (font (size 1 1) (thickness 0.15)))
    )
    (fp_text value C_Small (at 0 1.75) (layer F.Fab)
      (effects (font (size 1 1) (thickness 0.15)))
    )
    (fp_text user %R (at 0 -1.5) (layer F.Fab)
      (effects (font (size 1 1) (thickness 0.15)))
    )
    (fp_line (start -1 0.62) (end -1 -0.62) (layer F.Fab) (width 0.1))
    (fp_line (start 1 0.62) (end -1 0.62) (layer F.Fab) (width 0.1))
    (fp_line (start 1 -0.62) (end 1 0.62) (layer F.Fab) (width 0.1))
    (fp_line (start -1 -0.62) (end 1 -0.62) (layer F.Fab) (width 0.1))
    (fp_line (start 0.5 -0.85) (end -0.5 -0.85) (layer F.SilkS) (width 0.12))
    (fp_line (start -0.5 0.85) (end 0.5 0.85) (layer F.SilkS) (width 0.12))
    (fp_line (start -1.75 -0.88) (end 1.75 -0.88) (layer F.CrtYd) (width 0.05))
    (fp_line (start -1.75 -0.88) (end -1.75 0.87) (layer F.CrtYd) (width 0.05))
    (fp_line (start 1.75 0.87) (end 1.75 -0.88) (layer F.CrtYd) (width 0.05))
    (fp_line (start 1.75 0.87) (end -1.75 0.87) (layer F.CrtYd) (width 0.05))
    (pad 1 smd rect (at -1 0) (size 1 1.25) (layers F.Cu F.Paste F.Mask)
      (net 2 +5V))
    (pad 2 smd rect (at 1 0) (size 1 1.25) (layers F.Cu F.Paste F.Mask)
      (net 1 GND))
    (model Capacitors_SMD.3dshapes/C_0805.wrl
      (at (xyz 0 0 0))
      (scale (xyz 1 1 1))
      (rotate (xyz 0 0 0))
    )
  )

  (module Capacitors_SMD:C_0805 (layer F.Cu) (tedit 58AA8463) (tstamp 5E5F18AC)
    (at 101 111)
    (descr "Capacitor SMD 0805, reflow soldering, AVX (see smccp.pdf)")
    (tags "capacitor 0805")
    (path /5E52FFB8)
    (attr smd)
    (fp_text reference C2 (at 0 -1.5) (layer F.SilkS)
      (effects (font (size 1 1) (thickness 0.15)))
    )
    (fp_text value C_Small (at 0 1.75) (layer F.Fab)
      (effects (font (size 1 1) (thickness 0.15)))
    )
    (fp_line (start 1.75 0.87) (end -1.75 0.87) (layer F.CrtYd) (width 0.05))
    (fp_line (start 1.75 0.87) (end 1.75 -0.88) (layer F.CrtYd) (width 0.05))
    (fp_line (start -1.75 -0.88) (end -1.75 0.87) (layer F.CrtYd) (width 0.05))
    (fp_line (start -1.75 -0.88) (end 1.75 -0.88) (layer F.CrtYd) (width 0.05))
    (fp_line (start -0.5 0.85) (end 0.5 0.85) (layer F.SilkS) (width 0.12))
    (fp_line (start 0.5 -0.85) (end -0.5 -0.85) (layer F.SilkS) (width 0.12))
    (fp_line (start -1 -0.62) (end 1 -0.62) (layer F.Fab) (width 0.1))
    (fp_line (start 1 -0.62) (end 1 0.62) (layer F.Fab) (width 0.1))
    (fp_line (start 1 0.62) (end -1 0.62) (layer F.Fab) (width 0.1))
    (fp_line (start -1 0.62) (end -1 -0.62) (layer F.Fab) (width 0.1))
    (fp_text user %R (at 0 -1.5) (layer F.Fab)
      (effects (font (size 1 1) (thickness 0.15)))
    )
    (pad 2 smd rect (at 1 0) (size 1 1.25) (layers F.Cu F.Paste F.Mask)
      (net 1 GND))
    (pad 1 smd rect (at -1 0) (size 1 1.25) (layers F.Cu F.Paste F.Mask)
      (net 2 +5V))
    (model Capacitors_SMD.3dshapes/C_0805.wrl
      (at (xyz 0 0 0))
      (scale (xyz 1 1 1))
      (rotate (xyz 0 0 0))
    )
  )

  (module Capacitors_SMD:C_0805 (layer F.Cu) (tedit 58AA8463) (tstamp 5E5F196C)
    (at 89 137 270)
    (descr "Capacitor SMD 0805, reflow soldering, AVX (see smccp.pdf)")
    (tags "capacitor 0805")
    (path /5E5317B0)
    (attr smd)
    (fp_text reference C3 (at 0 -1.5 90) (layer F.SilkS)
      (effects (font (size 1 1) (thickness 0.15)))
    )
    (fp_text value C_Small (at 0 1.75 90) (layer F.Fab)
      (effects (font (size 1 1) (thickness 0.15)))
    )
    (fp_text user %R (at 0 -1.5 90) (layer F.Fab)
      (effects (font (size 1 1) (thickness 0.15)))
    )
    (fp_line (start -1 0.62) (end -1 -0.62) (layer F.Fab) (width 0.1))
    (fp_line (start 1 0.62) (end -1 0.62) (layer F.Fab) (width 0.1))
    (fp_line (start 1 -0.62) (end 1 0.62) (layer F.Fab) (width 0.1))
    (fp_line (start -1 -0.62) (end 1 -0.62) (layer F.Fab) (width 0.1))
    (fp_line (start 0.5 -0.85) (end -0.5 -0.85) (layer F.SilkS) (width 0.12))
    (fp_line (start -0.5 0.85) (end 0.5 0.85) (layer F.SilkS) (width 0.12))
    (fp_line (start -1.75 -0.88) (end 1.75 -0.88) (layer F.CrtYd) (width 0.05))
    (fp_line (start -1.75 -0.88) (end -1.75 0.87) (layer F.CrtYd) (width 0.05))
    (fp_line (start 1.75 0.87) (end 1.75 -0.88) (layer F.CrtYd) (width 0.05))
    (fp_line (start 1.75 0.87) (end -1.75 0.87) (layer F.CrtYd) (width 0.05))
    (pad 1 smd rect (at -1 0 270) (size 1 1.25) (layers F.Cu F.Paste F.Mask)
      (net 2 +5V))
    (pad 2 smd rect (at 1 0 270) (size 1 1.25) (layers F.Cu F.Paste F.Mask)
      (net 1 GND))
    (model Capacitors_SMD.3dshapes/C_0805.wrl
      (at (xyz 0 0 0))
      (scale (xyz 1 1 1))
      (rotate (xyz 0 0 0))
    )
  )

  (module Capacitors_SMD:C_0805 (layer F.Cu) (tedit 58AA8463) (tstamp 5E5F178C)
    (at 75 99 90)
    (descr "Capacitor SMD 0805, reflow soldering, AVX (see smccp.pdf)")
    (tags "capacitor 0805")
    (path /5E538A19)
    (attr smd)
    (fp_text reference C6 (at 0 -1.5 90) (layer F.SilkS)
      (effects (font (size 1 1) (thickness 0.15)))
    )
    (fp_text value C_Small (at 0 1.75 90) (layer F.Fab)
      (effects (font (size 1 1) (thickness 0.15)))
    )
    (fp_text user %R (at 0 -1.5 90) (layer F.Fab)
      (effects (font (size 1 1) (thickness 0.15)))
    )
    (fp_line (start -1 0.62) (end -1 -0.62) (layer F.Fab) (width 0.1))
    (fp_line (start 1 0.62) (end -1 0.62) (layer F.Fab) (width 0.1))
    (fp_line (start 1 -0.62) (end 1 0.62) (layer F.Fab) (width 0.1))
    (fp_line (start -1 -0.62) (end 1 -0.62) (layer F.Fab) (width 0.1))
    (fp_line (start 0.5 -0.85) (end -0.5 -0.85) (layer F.SilkS) (width 0.12))
    (fp_line (start -0.5 0.85) (end 0.5 0.85) (layer F.SilkS) (width 0.12))
    (fp_line (start -1.75 -0.88) (end 1.75 -0.88) (layer F.CrtYd) (width 0.05))
    (fp_line (start -1.75 -0.88) (end -1.75 0.87) (layer F.CrtYd) (width 0.05))
    (fp_line (start 1.75 0.87) (end 1.75 -0.88) (layer F.CrtYd) (width 0.05))
    (fp_line (start 1.75 0.87) (end -1.75 0.87) (layer F.CrtYd) (width 0.05))
    (pad 1 smd rect (at -1 0 90) (size 1 1.25) (layers F.Cu F.Paste F.Mask)
      (net 2 +5V))
    (pad 2 smd rect (at 1 0 90) (size 1 1.25) (layers F.Cu F.Paste F.Mask)
      (net 1 GND))
    (model Capacitors_SMD.3dshapes/C_0805.wrl
      (at (xyz 0 0 0))
      (scale (xyz 1 1 1))
      (rotate (xyz 0 0 0))
    )
  )

  (module Capacitors_SMD:C_0805 (layer F.Cu) (tedit 58AA8463) (tstamp 5E5F190C)
    (at 75.2 61.1 90)
    (descr "Capacitor SMD 0805, reflow soldering, AVX (see smccp.pdf)")
    (tags "capacitor 0805")
    (path /5E510EDA)
    (attr smd)
    (fp_text reference C0 (at 0 -1.5 90) (layer F.SilkS)
      (effects (font (size 1 1) (thickness 0.15)))
    )
    (fp_text value C_Small (at 0 1.75 90) (layer F.Fab)
      (effects (font (size 1 1) (thickness 0.15)))
    )
    (fp_line (start 1.75 0.87) (end -1.75 0.87) (layer F.CrtYd) (width 0.05))
    (fp_line (start 1.75 0.87) (end 1.75 -0.88) (layer F.CrtYd) (width 0.05))
    (fp_line (start -1.75 -0.88) (end -1.75 0.87) (layer F.CrtYd) (width 0.05))
    (fp_line (start -1.75 -0.88) (end 1.75 -0.88) (layer F.CrtYd) (width 0.05))
    (fp_line (start -0.5 0.85) (end 0.5 0.85) (layer F.SilkS) (width 0.12))
    (fp_line (start 0.5 -0.85) (end -0.5 -0.85) (layer F.SilkS) (width 0.12))
    (fp_line (start -1 -0.62) (end 1 -0.62) (layer F.Fab) (width 0.1))
    (fp_line (start 1 -0.62) (end 1 0.62) (layer F.Fab) (width 0.1))
    (fp_line (start 1 0.62) (end -1 0.62) (layer F.Fab) (width 0.1))
    (fp_line (start -1 0.62) (end -1 -0.62) (layer F.Fab) (width 0.1))
    (fp_text user %R (at 0 -1.5 90) (layer F.Fab)
      (effects (font (size 1 1) (thickness 0.15)))
    )
    (pad 2 smd rect (at 1 0 90) (size 1 1.25) (layers F.Cu F.Paste F.Mask)
      (net 1 GND))
    (pad 1 smd rect (at -1 0 90) (size 1 1.25) (layers F.Cu F.Paste F.Mask)
      (net 2 +5V))
    (model Capacitors_SMD.3dshapes/C_0805.wrl
      (at (xyz 0 0 0))
      (scale (xyz 1 1 1))
      (rotate (xyz 0 0 0))
    )
  )

  (module Capacitors_SMD:C_0805 (layer F.Cu) (tedit 58AA8463) (tstamp 5E5F199C)
    (at 63 125 180)
    (descr "Capacitor SMD 0805, reflow soldering, AVX (see smccp.pdf)")
    (tags "capacitor 0805")
    (path /5E5389D6)
    (attr smd)
    (fp_text reference C4 (at 0 -1.5) (layer F.SilkS)
      (effects (font (size 1 1) (thickness 0.15)))
    )
    (fp_text value C_Small (at 0 1.75) (layer F.Fab)
      (effects (font (size 1 1) (thickness 0.15)))
    )
    (fp_line (start 1.75 0.87) (end -1.75 0.87) (layer F.CrtYd) (width 0.05))
    (fp_line (start 1.75 0.87) (end 1.75 -0.88) (layer F.CrtYd) (width 0.05))
    (fp_line (start -1.75 -0.88) (end -1.75 0.87) (layer F.CrtYd) (width 0.05))
    (fp_line (start -1.75 -0.88) (end 1.75 -0.88) (layer F.CrtYd) (width 0.05))
    (fp_line (start -0.5 0.85) (end 0.5 0.85) (layer F.SilkS) (width 0.12))
    (fp_line (start 0.5 -0.85) (end -0.5 -0.85) (layer F.SilkS) (width 0.12))
    (fp_line (start -1 -0.62) (end 1 -0.62) (layer F.Fab) (width 0.1))
    (fp_line (start 1 -0.62) (end 1 0.62) (layer F.Fab) (width 0.1))
    (fp_line (start 1 0.62) (end -1 0.62) (layer F.Fab) (width 0.1))
    (fp_line (start -1 0.62) (end -1 -0.62) (layer F.Fab) (width 0.1))
    (fp_text user %R (at 0 -1.5) (layer F.Fab)
      (effects (font (size 1 1) (thickness 0.15)))
    )
    (pad 2 smd rect (at 1 0 180) (size 1 1.25) (layers F.Cu F.Paste F.Mask)
      (net 1 GND))
    (pad 1 smd rect (at -1 0 180) (size 1 1.25) (layers F.Cu F.Paste F.Mask)
      (net 2 +5V))
    (model Capacitors_SMD.3dshapes/C_0805.wrl
      (at (xyz 0 0 0))
      (scale (xyz 1 1 1))
      (rotate (xyz 0 0 0))
    )
  )

  (module Capacitors_SMD:C_0805 (layer F.Cu) (tedit 58AA8463) (tstamp 5E5F193C)
    (at 63 87 180)
    (descr "Capacitor SMD 0805, reflow soldering, AVX (see smccp.pdf)")
    (tags "capacitor 0805")
    (path /5E5389F7)
    (attr smd)
    (fp_text reference C5 (at 0 -1.5) (layer F.SilkS)
      (effects (font (size 1 1) (thickness 0.15)))
    )
    (fp_text value C_Small (at 0 1.75) (layer F.Fab)
      (effects (font (size 1 1) (thickness 0.15)))
    )
    (fp_line (start 1.75 0.87) (end -1.75 0.87) (layer F.CrtYd) (width 0.05))
    (fp_line (start 1.75 0.87) (end 1.75 -0.88) (layer F.CrtYd) (width 0.05))
    (fp_line (start -1.75 -0.88) (end -1.75 0.87) (layer F.CrtYd) (width 0.05))
    (fp_line (start -1.75 -0.88) (end 1.75 -0.88) (layer F.CrtYd) (width 0.05))
    (fp_line (start -0.5 0.85) (end 0.5 0.85) (layer F.SilkS) (width 0.12))
    (fp_line (start 0.5 -0.85) (end -0.5 -0.85) (layer F.SilkS) (width 0.12))
    (fp_line (start -1 -0.62) (end 1 -0.62) (layer F.Fab) (width 0.1))
    (fp_line (start 1 -0.62) (end 1 0.62) (layer F.Fab) (width 0.1))
    (fp_line (start 1 0.62) (end -1 0.62) (layer F.Fab) (width 0.1))
    (fp_line (start -1 0.62) (end -1 -0.62) (layer F.Fab) (width 0.1))
    (fp_text user %R (at 0 -1.5) (layer F.Fab)
      (effects (font (size 1 1) (thickness 0.15)))
    )
    (pad 2 smd rect (at 1 0 180) (size 1 1.25) (layers F.Cu F.Paste F.Mask)
      (net 1 GND))
    (pad 1 smd rect (at -1 0 180) (size 1 1.25) (layers F.Cu F.Paste F.Mask)
      (net 2 +5V))
    (model Capacitors_SMD.3dshapes/C_0805.wrl
      (at (xyz 0 0 0))
      (scale (xyz 1 1 1))
      (rotate (xyz 0 0 0))
    )
  )

  (module LEDs:LED_WS2812B-PLCC4 (layer F.Cu) (tedit 587A6D9E) (tstamp 5E5F1874)
    (at 82 61 180)
    (descr http://www.world-semi.com/uploads/soft/150522/1-150522091P5.pdf)
    (tags "LED NeoPixel")
    (path /5E4FBBDA)
    (attr smd)
    (fp_text reference D0 (at 0 -3.5) (layer F.SilkS)
      (effects (font (size 1 1) (thickness 0.15)))
    )
    (fp_text value WS2812B (at 0 4) (layer F.Fab)
      (effects (font (size 1 1) (thickness 0.15)))
    )
    (fp_circle (center 0 0) (end 0 -2) (layer F.Fab) (width 0.1))
    (fp_line (start 3.5 2.6) (end 3.5 1.6) (layer F.SilkS) (width 0.12))
    (fp_line (start -3.5 2.6) (end 3.5 2.6) (layer F.SilkS) (width 0.12))
    (fp_line (start -3.5 -2.6) (end 3.5 -2.6) (layer F.SilkS) (width 0.12))
    (fp_line (start 2.5 -2.5) (end -2.5 -2.5) (layer F.Fab) (width 0.1))
    (fp_line (start 2.5 2.5) (end 2.5 -2.5) (layer F.Fab) (width 0.1))
    (fp_line (start -2.5 2.5) (end 2.5 2.5) (layer F.Fab) (width 0.1))
    (fp_line (start -2.5 -2.5) (end -2.5 2.5) (layer F.Fab) (width 0.1))
    (fp_line (start 2.5 1.5) (end 1.5 2.5) (layer F.Fab) (width 0.1))
    (fp_line (start -3.75 -2.85) (end -3.75 2.85) (layer F.CrtYd) (width 0.05))
    (fp_line (start -3.75 2.85) (end 3.75 2.85) (layer F.CrtYd) (width 0.05))
    (fp_line (start 3.75 2.85) (end 3.75 -2.85) (layer F.CrtYd) (width 0.05))
    (fp_line (start 3.75 -2.85) (end -3.75 -2.85) (layer F.CrtYd) (width 0.05))
    (pad 1 smd rect (at -2.5 -1.6 180) (size 1.6 1) (layers F.Cu F.Paste F.Mask)
      (net 2 +5V))
    (pad 2 smd rect (at -2.5 1.6 180) (size 1.6 1) (layers F.Cu F.Paste F.Mask)
      (net 3 "Net-(D0-Pad2)"))
    (pad 4 smd rect (at 2.5 -1.6 180) (size 1.6 1) (layers F.Cu F.Paste F.Mask)
      (net 4 "Net-(D0-Pad4)"))
    (pad 3 smd rect (at 2.5 1.6 180) (size 1.6 1) (layers F.Cu F.Paste F.Mask)
      (net 1 GND))
    (model ${KISYS3DMOD}/LEDs.3dshapes/LED_WS2812B-PLCC4.wrl
      (at (xyz 0 0 0))
      (scale (xyz 0.39 0.39 0.39))
      (rotate (xyz 0 0 180))
    )
  )

  (module LEDs:LED_WS2812B-PLCC4 (layer F.Cu) (tedit 587A6D9E) (tstamp 5E5F1838)
    (at 101 80 90)
    (descr http://www.world-semi.com/uploads/soft/150522/1-150522091P5.pdf)
    (tags "LED NeoPixel")
    (path /5E52D521)
    (attr smd)
    (fp_text reference D1 (at 0 -3.5 90) (layer F.SilkS)
      (effects (font (size 1 1) (thickness 0.15)))
    )
    (fp_text value WS2812B (at 0 4 90) (layer F.Fab)
      (effects (font (size 1 1) (thickness 0.15)))
    )
    (fp_circle (center 0 0) (end 0 -2) (layer F.Fab) (width 0.1))
    (fp_line (start 3.5 2.6) (end 3.5 1.6) (layer F.SilkS) (width 0.12))
    (fp_line (start -3.5 2.6) (end 3.5 2.6) (layer F.SilkS) (width 0.12))
    (fp_line (start -3.5 -2.6) (end 3.5 -2.6) (layer F.SilkS) (width 0.12))
    (fp_line (start 2.5 -2.5) (end -2.5 -2.5) (layer F.Fab) (width 0.1))
    (fp_line (start 2.5 2.5) (end 2.5 -2.5) (layer F.Fab) (width 0.1))
    (fp_line (start -2.5 2.5) (end 2.5 2.5) (layer F.Fab) (width 0.1))
    (fp_line (start -2.5 -2.5) (end -2.5 2.5) (layer F.Fab) (width 0.1))
    (fp_line (start 2.5 1.5) (end 1.5 2.5) (layer F.Fab) (width 0.1))
    (fp_line (start -3.75 -2.85) (end -3.75 2.85) (layer F.CrtYd) (width 0.05))
    (fp_line (start -3.75 2.85) (end 3.75 2.85) (layer F.CrtYd) (width 0.05))
    (fp_line (start 3.75 2.85) (end 3.75 -2.85) (layer F.CrtYd) (width 0.05))
    (fp_line (start 3.75 -2.85) (end -3.75 -2.85) (layer F.CrtYd) (width 0.05))
    (pad 1 smd rect (at -2.5 -1.6 90) (size 1.6 1) (layers F.Cu F.Paste F.Mask)
      (net 2 +5V))
    (pad 2 smd rect (at -2.5 1.6 90) (size 1.6 1) (layers F.Cu F.Paste F.Mask)
      (net 5 "Net-(D1-Pad2)"))
    (pad 4 smd rect (at 2.5 -1.6 90) (size 1.6 1) (layers F.Cu F.Paste F.Mask)
      (net 3 "Net-(D0-Pad2)"))
    (pad 3 smd rect (at 2.5 1.6 90) (size 1.6 1) (layers F.Cu F.Paste F.Mask)
      (net 1 GND))
    (model ${KISYS3DMOD}/LEDs.3dshapes/LED_WS2812B-PLCC4.wrl
      (at (xyz 0 0 0))
      (scale (xyz 0.39 0.39 0.39))
      (rotate (xyz 0 0 180))
    )
  )

  (module LEDs:LED_WS2812B-PLCC4 (layer F.Cu) (tedit 587A6D9E) (tstamp 5E5F17C0)
    (at 82 137)
    (descr http://www.world-semi.com/uploads/soft/150522/1-150522091P5.pdf)
    (tags "LED NeoPixel")
    (path /5E53179E)
    (attr smd)
    (fp_text reference D3 (at 0 -3.5) (layer F.SilkS)
      (effects (font (size 1 1) (thickness 0.15)))
    )
    (fp_text value WS2812B (at 0 4) (layer F.Fab)
      (effects (font (size 1 1) (thickness 0.15)))
    )
    (fp_circle (center 0 0) (end 0 -2) (layer F.Fab) (width 0.1))
    (fp_line (start 3.5 2.6) (end 3.5 1.6) (layer F.SilkS) (width 0.12))
    (fp_line (start -3.5 2.6) (end 3.5 2.6) (layer F.SilkS) (width 0.12))
    (fp_line (start -3.5 -2.6) (end 3.5 -2.6) (layer F.SilkS) (width 0.12))
    (fp_line (start 2.5 -2.5) (end -2.5 -2.5) (layer F.Fab) (width 0.1))
    (fp_line (start 2.5 2.5) (end 2.5 -2.5) (layer F.Fab) (width 0.1))
    (fp_line (start -2.5 2.5) (end 2.5 2.5) (layer F.Fab) (width 0.1))
    (fp_line (start -2.5 -2.5) (end -2.5 2.5) (layer F.Fab) (width 0.1))
    (fp_line (start 2.5 1.5) (end 1.5 2.5) (layer F.Fab) (width 0.1))
    (fp_line (start -3.75 -2.85) (end -3.75 2.85) (layer F.CrtYd) (width 0.05))
    (fp_line (start -3.75 2.85) (end 3.75 2.85) (layer F.CrtYd) (width 0.05))
    (fp_line (start 3.75 2.85) (end 3.75 -2.85) (layer F.CrtYd) (width 0.05))
    (fp_line (start 3.75 -2.85) (end -3.75 -2.85) (layer F.CrtYd) (width 0.05))
    (pad 1 smd rect (at -2.5 -1.6) (size 1.6 1) (layers F.Cu F.Paste F.Mask)
      (net 2 +5V))
    (pad 2 smd rect (at -2.5 1.6) (size 1.6 1) (layers F.Cu F.Paste F.Mask)
      (net 7 "Net-(D3-Pad2)"))
    (pad 4 smd rect (at 2.5 -1.6) (size 1.6 1) (layers F.Cu F.Paste F.Mask)
      (net 6 "Net-(D2-Pad2)"))
    (pad 3 smd rect (at 2.5 1.6) (size 1.6 1) (layers F.Cu F.Paste F.Mask)
      (net 1 GND))
    (model ${KISYS3DMOD}/LEDs.3dshapes/LED_WS2812B-PLCC4.wrl
      (at (xyz 0 0 0))
      (scale (xyz 0.39 0.39 0.39))
      (rotate (xyz 0 0 180))
    )
  )

  (module LEDs:LED_WS2812B-PLCC4 (layer F.Cu) (tedit 587A6D9E) (tstamp 5E5F1C1F)
    (at 63 118 270)
    (descr http://www.world-semi.com/uploads/soft/150522/1-150522091P5.pdf)
    (tags "LED NeoPixel")
    (path /5E5389C4)
    (attr smd)
    (fp_text reference D4 (at 0 -3.5 90) (layer F.SilkS)
      (effects (font (size 1 1) (thickness 0.15)))
    )
    (fp_text value WS2812B (at 0 4 90) (layer F.Fab)
      (effects (font (size 1 1) (thickness 0.15)))
    )
    (fp_line (start 3.75 -2.85) (end -3.75 -2.85) (layer F.CrtYd) (width 0.05))
    (fp_line (start 3.75 2.85) (end 3.75 -2.85) (layer F.CrtYd) (width 0.05))
    (fp_line (start -3.75 2.85) (end 3.75 2.85) (layer F.CrtYd) (width 0.05))
    (fp_line (start -3.75 -2.85) (end -3.75 2.85) (layer F.CrtYd) (width 0.05))
    (fp_line (start 2.5 1.5) (end 1.5 2.5) (layer F.Fab) (width 0.1))
    (fp_line (start -2.5 -2.5) (end -2.5 2.5) (layer F.Fab) (width 0.1))
    (fp_line (start -2.5 2.5) (end 2.5 2.5) (layer F.Fab) (width 0.1))
    (fp_line (start 2.5 2.5) (end 2.5 -2.5) (layer F.Fab) (width 0.1))
    (fp_line (start 2.5 -2.5) (end -2.5 -2.5) (layer F.Fab) (width 0.1))
    (fp_line (start -3.5 -2.6) (end 3.5 -2.6) (layer F.SilkS) (width 0.12))
    (fp_line (start -3.5 2.6) (end 3.5 2.6) (layer F.SilkS) (width 0.12))
    (fp_line (start 3.5 2.6) (end 3.5 1.6) (layer F.SilkS) (width 0.12))
    (fp_circle (center 0 0) (end 0 -2) (layer F.Fab) (width 0.1))
    (pad 3 smd rect (at 2.5 1.6 270) (size 1.6 1) (layers F.Cu F.Paste F.Mask)
      (net 1 GND))
    (pad 4 smd rect (at 2.5 -1.6 270) (size 1.6 1) (layers F.Cu F.Paste F.Mask)
      (net 7 "Net-(D3-Pad2)"))
    (pad 2 smd rect (at -2.5 1.6 270) (size 1.6 1) (layers F.Cu F.Paste F.Mask)
      (net 8 "Net-(D4-Pad2)"))
    (pad 1 smd rect (at -2.5 -1.6 270) (size 1.6 1) (layers F.Cu F.Paste F.Mask)
      (net 2 +5V))
    (model ${KISYS3DMOD}/LEDs.3dshapes/LED_WS2812B-PLCC4.wrl
      (at (xyz 0 0 0))
      (scale (xyz 0.39 0.39 0.39))
      (rotate (xyz 0 0 180))
    )
  )

  (module LEDs:LED_WS2812B-PLCC4 (layer F.Cu) (tedit 587A6D9E) (tstamp 5E5F1BE3)
    (at 63 80 270)
    (descr http://www.world-semi.com/uploads/soft/150522/1-150522091P5.pdf)
    (tags "LED NeoPixel")
    (path /5E5389E5)
    (attr smd)
    (fp_text reference D5 (at 0 -3.5 90) (layer F.SilkS)
      (effects (font (size 1 1) (thickness 0.15)))
    )
    (fp_text value WS2812B (at 0 4 90) (layer F.Fab)
      (effects (font (size 1 1) (thickness 0.15)))
    )
    (fp_line (start 3.75 -2.85) (end -3.75 -2.85) (layer F.CrtYd) (width 0.05))
    (fp_line (start 3.75 2.85) (end 3.75 -2.85) (layer F.CrtYd) (width 0.05))
    (fp_line (start -3.75 2.85) (end 3.75 2.85) (layer F.CrtYd) (width 0.05))
    (fp_line (start -3.75 -2.85) (end -3.75 2.85) (layer F.CrtYd) (width 0.05))
    (fp_line (start 2.5 1.5) (end 1.5 2.5) (layer F.Fab) (width 0.1))
    (fp_line (start -2.5 -2.5) (end -2.5 2.5) (layer F.Fab) (width 0.1))
    (fp_line (start -2.5 2.5) (end 2.5 2.5) (layer F.Fab) (width 0.1))
    (fp_line (start 2.5 2.5) (end 2.5 -2.5) (layer F.Fab) (width 0.1))
    (fp_line (start 2.5 -2.5) (end -2.5 -2.5) (layer F.Fab) (width 0.1))
    (fp_line (start -3.5 -2.6) (end 3.5 -2.6) (layer F.SilkS) (width 0.12))
    (fp_line (start -3.5 2.6) (end 3.5 2.6) (layer F.SilkS) (width 0.12))
    (fp_line (start 3.5 2.6) (end 3.5 1.6) (layer F.SilkS) (width 0.12))
    (fp_circle (center 0 0) (end 0 -2) (layer F.Fab) (width 0.1))
    (pad 3 smd rect (at 2.5 1.6 270) (size 1.6 1) (layers F.Cu F.Paste F.Mask)
      (net 1 GND))
    (pad 4 smd rect (at 2.5 -1.6 270) (size 1.6 1) (layers F.Cu F.Paste F.Mask)
      (net 8 "Net-(D4-Pad2)"))
    (pad 2 smd rect (at -2.5 1.6 270) (size 1.6 1) (layers F.Cu F.Paste F.Mask)
      (net 9 "Net-(D5-Pad2)"))
    (pad 1 smd rect (at -2.5 -1.6 270) (size 1.6 1) (layers F.Cu F.Paste F.Mask)
      (net 2 +5V))
    (model ${KISYS3DMOD}/LEDs.3dshapes/LED_WS2812B-PLCC4.wrl
      (at (xyz 0 0 0))
      (scale (xyz 0.39 0.39 0.39))
      (rotate (xyz 0 0 180))
    )
  )

  (module LEDs:LED_WS2812B-PLCC4 (layer F.Cu) (tedit 587A6D9E) (tstamp 5E5F1BA7)
    (at 82 99 180)
    (descr http://www.world-semi.com/uploads/soft/150522/1-150522091P5.pdf)
    (tags "LED NeoPixel")
    (path /5E538A07)
    (attr smd)
    (fp_text reference D6 (at 0 -3.5) (layer F.SilkS)
      (effects (font (size 1 1) (thickness 0.15)))
    )
    (fp_text value WS2812B (at 0 4) (layer F.Fab)
      (effects (font (size 1 1) (thickness 0.15)))
    )
    (fp_circle (center 0 0) (end 0 -2) (layer F.Fab) (width 0.1))
    (fp_line (start 3.5 2.6) (end 3.5 1.6) (layer F.SilkS) (width 0.12))
    (fp_line (start -3.5 2.6) (end 3.5 2.6) (layer F.SilkS) (width 0.12))
    (fp_line (start -3.5 -2.6) (end 3.5 -2.6) (layer F.SilkS) (width 0.12))
    (fp_line (start 2.5 -2.5) (end -2.5 -2.5) (layer F.Fab) (width 0.1))
    (fp_line (start 2.5 2.5) (end 2.5 -2.5) (layer F.Fab) (width 0.1))
    (fp_line (start -2.5 2.5) (end 2.5 2.5) (layer F.Fab) (width 0.1))
    (fp_line (start -2.5 -2.5) (end -2.5 2.5) (layer F.Fab) (width 0.1))
    (fp_line (start 2.5 1.5) (end 1.5 2.5) (layer F.Fab) (width 0.1))
    (fp_line (start -3.75 -2.85) (end -3.75 2.85) (layer F.CrtYd) (width 0.05))
    (fp_line (start -3.75 2.85) (end 3.75 2.85) (layer F.CrtYd) (width 0.05))
    (fp_line (start 3.75 2.85) (end 3.75 -2.85) (layer F.CrtYd) (width 0.05))
    (fp_line (start 3.75 -2.85) (end -3.75 -2.85) (layer F.CrtYd) (width 0.05))
    (pad 1 smd rect (at -2.5 -1.6 180) (size 1.6 1) (layers F.Cu F.Paste F.Mask)
      (net 2 +5V))
    (pad 2 smd rect (at -2.5 1.6 180) (size 1.6 1) (layers F.Cu F.Paste F.Mask)
      (net 10 "Net-(D6-Pad2)"))
    (pad 4 smd rect (at 2.5 -1.6 180) (size 1.6 1) (layers F.Cu F.Paste F.Mask)
      (net 9 "Net-(D5-Pad2)"))
    (pad 3 smd rect (at 2.5 1.6 180) (size 1.6 1) (layers F.Cu F.Paste F.Mask)
      (net 1 GND))
    (model ${KISYS3DMOD}/LEDs.3dshapes/LED_WS2812B-PLCC4.wrl
      (at (xyz 0 0 0))
      (scale (xyz 0.39 0.39 0.39))
      (rotate (xyz 0 0 180))
    )
  )

  (module LEDs:LED_WS2812B-PLCC4 (layer F.Cu) (tedit 587A6D9E) (tstamp 5E5F17FC)
    (at 101 118 90)
    (descr http://www.world-semi.com/uploads/soft/150522/1-150522091P5.pdf)
    (tags "LED NeoPixel")
    (path /5E52FFA6)
    (attr smd)
    (fp_text reference D2 (at 0 -3.5 90) (layer F.SilkS)
      (effects (font (size 1 1) (thickness 0.15)))
    )
    (fp_text value WS2812B (at 0 4 90) (layer F.Fab)
      (effects (font (size 1 1) (thickness 0.15)))
    )
    (fp_line (start 3.75 -2.85) (end -3.75 -2.85) (layer F.CrtYd) (width 0.05))
    (fp_line (start 3.75 2.85) (end 3.75 -2.85) (layer F.CrtYd) (width 0.05))
    (fp_line (start -3.75 2.85) (end 3.75 2.85) (layer F.CrtYd) (width 0.05))
    (fp_line (start -3.75 -2.85) (end -3.75 2.85) (layer F.CrtYd) (width 0.05))
    (fp_line (start 2.5 1.5) (end 1.5 2.5) (layer F.Fab) (width 0.1))
    (fp_line (start -2.5 -2.5) (end -2.5 2.5) (layer F.Fab) (width 0.1))
    (fp_line (start -2.5 2.5) (end 2.5 2.5) (layer F.Fab) (width 0.1))
    (fp_line (start 2.5 2.5) (end 2.5 -2.5) (layer F.Fab) (width 0.1))
    (fp_line (start 2.5 -2.5) (end -2.5 -2.5) (layer F.Fab) (width 0.1))
    (fp_line (start -3.5 -2.6) (end 3.5 -2.6) (layer F.SilkS) (width 0.12))
    (fp_line (start -3.5 2.6) (end 3.5 2.6) (layer F.SilkS) (width 0.12))
    (fp_line (start 3.5 2.6) (end 3.5 1.6) (layer F.SilkS) (width 0.12))
    (fp_circle (center 0 0) (end 0 -2) (layer F.Fab) (width 0.1))
    (pad 3 smd rect (at 2.5 1.6 90) (size 1.6 1) (layers F.Cu F.Paste F.Mask)
      (net 1 GND))
    (pad 4 smd rect (at 2.5 -1.6 90) (size 1.6 1) (layers F.Cu F.Paste F.Mask)
      (net 5 "Net-(D1-Pad2)"))
    (pad 2 smd rect (at -2.5 1.6 90) (size 1.6 1) (layers F.Cu F.Paste F.Mask)
      (net 6 "Net-(D2-Pad2)"))
    (pad 1 smd rect (at -2.5 -1.6 90) (size 1.6 1) (layers F.Cu F.Paste F.Mask)
      (net 2 +5V))
    (model ${KISYS3DMOD}/LEDs.3dshapes/LED_WS2812B-PLCC4.wrl
      (at (xyz 0 0 0))
      (scale (xyz 0.39 0.39 0.39))
      (rotate (xyz 0 0 180))
    )
  )

  (module "7-Segment Lib:Header3Pin_03" (layer F.Cu) (tedit 5E5DEADB) (tstamp 5E5F246D)
    (at 137.2 56.49 180)
    (path /5E62813C)
    (fp_text reference J8 (at 0 -4.9) (layer F.SilkS)
      (effects (font (size 1 1) (thickness 0.15)))
    )
    (fp_text value 3Pin_Male (at 0 5) (layer F.Fab)
      (effects (font (size 1 1) (thickness 0.15)))
    )
    (fp_line (start -3.42 4.06) (end -3.42 -4.06) (layer F.CrtYd) (width 0.05))
    (fp_line (start -3.42 4.06) (end 3.42 4.06) (layer F.CrtYd) (width 0.05))
    (fp_line (start 3.42 -4.06) (end -3.42 -4.06) (layer F.CrtYd) (width 0.05))
    (fp_line (start 3.42 -4.06) (end 3.42 4.06) (layer F.CrtYd) (width 0.05))
    (fp_line (start -7.3 -7.5) (end -7.3 7.5) (layer Dwgs.User) (width 0.12))
    (fp_line (start 7.3 -7.5) (end 7.3 7.5) (layer Dwgs.User) (width 0.12))
    (fp_line (start -7.3 -7.5) (end 7.3 -7.5) (layer Dwgs.User) (width 0.12))
    (fp_line (start -7.3 7.5) (end 7.3 7.5) (layer Dwgs.User) (width 0.12))
    (pad 3 thru_hole oval (at 0 2.54 90) (size 1.51 3.01) (drill 1) (layers *.Cu *.Mask)
      (net 2 +5V))
    (pad 2 thru_hole oval (at 0 0 90) (size 1.51 3.01) (drill 1) (layers *.Cu *.Mask)
      (net 17 "Net-(J8-Pad2)"))
    (pad 1 thru_hole oval (at 0 -2.54 90) (size 1.51 3.01) (drill 1) (layers *.Cu *.Mask)
      (net 1 GND))
  )

  (module Capacitors_SMD:C_0805 (layer F.Cu) (tedit 58AA8463) (tstamp 5E5F2502)
    (at 133 125 180)
    (descr "Capacitor SMD 0805, reflow soldering, AVX (see smccp.pdf)")
    (tags "capacitor 0805")
    (path /5E62803E)
    (attr smd)
    (fp_text reference C7 (at 0 -1.5) (layer F.SilkS)
      (effects (font (size 1 1) (thickness 0.15)))
    )
    (fp_text value C_Small (at 0 1.75) (layer F.Fab)
      (effects (font (size 1 1) (thickness 0.15)))
    )
    (fp_text user %R (at 0 -1.5) (layer F.Fab)
      (effects (font (size 1 1) (thickness 0.15)))
    )
    (fp_line (start -1 0.62) (end -1 -0.62) (layer F.Fab) (width 0.1))
    (fp_line (start 1 0.62) (end -1 0.62) (layer F.Fab) (width 0.1))
    (fp_line (start 1 -0.62) (end 1 0.62) (layer F.Fab) (width 0.1))
    (fp_line (start -1 -0.62) (end 1 -0.62) (layer F.Fab) (width 0.1))
    (fp_line (start 0.5 -0.85) (end -0.5 -0.85) (layer F.SilkS) (width 0.12))
    (fp_line (start -0.5 0.85) (end 0.5 0.85) (layer F.SilkS) (width 0.12))
    (fp_line (start -1.75 -0.88) (end 1.75 -0.88) (layer F.CrtYd) (width 0.05))
    (fp_line (start -1.75 -0.88) (end -1.75 0.87) (layer F.CrtYd) (width 0.05))
    (fp_line (start 1.75 0.87) (end 1.75 -0.88) (layer F.CrtYd) (width 0.05))
    (fp_line (start 1.75 0.87) (end -1.75 0.87) (layer F.CrtYd) (width 0.05))
    (pad 1 smd rect (at -1 0 180) (size 1 1.25) (layers F.Cu F.Paste F.Mask)
      (net 2 +5V))
    (pad 2 smd rect (at 1 0 180) (size 1 1.25) (layers F.Cu F.Paste F.Mask)
      (net 1 GND))
    (model Capacitors_SMD.3dshapes/C_0805.wrl
      (at (xyz 0 0 0))
      (scale (xyz 1 1 1))
      (rotate (xyz 0 0 0))
    )
  )

  (module Capacitors_SMD:C_0805 (layer F.Cu) (tedit 58AA8463) (tstamp 5E5F2574)
    (at 133 87 180)
    (descr "Capacitor SMD 0805, reflow soldering, AVX (see smccp.pdf)")
    (tags "capacitor 0805")
    (path /5E62805D)
    (attr smd)
    (fp_text reference C8 (at 0 -1.5) (layer F.SilkS)
      (effects (font (size 1 1) (thickness 0.15)))
    )
    (fp_text value C_Small (at 0 1.75) (layer F.Fab)
      (effects (font (size 1 1) (thickness 0.15)))
    )
    (fp_line (start 1.75 0.87) (end -1.75 0.87) (layer F.CrtYd) (width 0.05))
    (fp_line (start 1.75 0.87) (end 1.75 -0.88) (layer F.CrtYd) (width 0.05))
    (fp_line (start -1.75 -0.88) (end -1.75 0.87) (layer F.CrtYd) (width 0.05))
    (fp_line (start -1.75 -0.88) (end 1.75 -0.88) (layer F.CrtYd) (width 0.05))
    (fp_line (start -0.5 0.85) (end 0.5 0.85) (layer F.SilkS) (width 0.12))
    (fp_line (start 0.5 -0.85) (end -0.5 -0.85) (layer F.SilkS) (width 0.12))
    (fp_line (start -1 -0.62) (end 1 -0.62) (layer F.Fab) (width 0.1))
    (fp_line (start 1 -0.62) (end 1 0.62) (layer F.Fab) (width 0.1))
    (fp_line (start 1 0.62) (end -1 0.62) (layer F.Fab) (width 0.1))
    (fp_line (start -1 0.62) (end -1 -0.62) (layer F.Fab) (width 0.1))
    (fp_text user %R (at 0 -1.5) (layer F.Fab)
      (effects (font (size 1 1) (thickness 0.15)))
    )
    (pad 2 smd rect (at 1 0 180) (size 1 1.25) (layers F.Cu F.Paste F.Mask)
      (net 1 GND))
    (pad 1 smd rect (at -1 0 180) (size 1 1.25) (layers F.Cu F.Paste F.Mask)
      (net 2 +5V))
    (model Capacitors_SMD.3dshapes/C_0805.wrl
      (at (xyz 0 0 0))
      (scale (xyz 1 1 1))
      (rotate (xyz 0 0 0))
    )
  )

  (module LEDs:LED_WS2812B-PLCC4 (layer F.Cu) (tedit 587A6D9E) (tstamp 5E5F213B)
    (at 133 118 270)
    (descr http://www.world-semi.com/uploads/soft/150522/1-150522091P5.pdf)
    (tags "LED NeoPixel")
    (path /5E62802C)
    (attr smd)
    (fp_text reference D7 (at 0 -3.5 90) (layer F.SilkS)
      (effects (font (size 1 1) (thickness 0.15)))
    )
    (fp_text value WS2812B (at 0 4 90) (layer F.Fab)
      (effects (font (size 1 1) (thickness 0.15)))
    )
    (fp_line (start 3.75 -2.85) (end -3.75 -2.85) (layer F.CrtYd) (width 0.05))
    (fp_line (start 3.75 2.85) (end 3.75 -2.85) (layer F.CrtYd) (width 0.05))
    (fp_line (start -3.75 2.85) (end 3.75 2.85) (layer F.CrtYd) (width 0.05))
    (fp_line (start -3.75 -2.85) (end -3.75 2.85) (layer F.CrtYd) (width 0.05))
    (fp_line (start 2.5 1.5) (end 1.5 2.5) (layer F.Fab) (width 0.1))
    (fp_line (start -2.5 -2.5) (end -2.5 2.5) (layer F.Fab) (width 0.1))
    (fp_line (start -2.5 2.5) (end 2.5 2.5) (layer F.Fab) (width 0.1))
    (fp_line (start 2.5 2.5) (end 2.5 -2.5) (layer F.Fab) (width 0.1))
    (fp_line (start 2.5 -2.5) (end -2.5 -2.5) (layer F.Fab) (width 0.1))
    (fp_line (start -3.5 -2.6) (end 3.5 -2.6) (layer F.SilkS) (width 0.12))
    (fp_line (start -3.5 2.6) (end 3.5 2.6) (layer F.SilkS) (width 0.12))
    (fp_line (start 3.5 2.6) (end 3.5 1.6) (layer F.SilkS) (width 0.12))
    (fp_circle (center 0 0) (end 0 -2) (layer F.Fab) (width 0.1))
    (pad 3 smd rect (at 2.5 1.6 270) (size 1.6 1) (layers F.Cu F.Paste F.Mask)
      (net 1 GND))
